1010212687811422110
5574650860236118600
-1963071928881801799
-5555367175589324296
4915327235602937718
1010212687811422110
5574650860236118600
-1963071928881801799
-5555367175589324296
4915327235602937718
5157106485864464471
-9069333639837026071
7400224050115455031
-5334687224404014186
3696597153496827499
1010212687811422110
5574650860236118600
-1963071928881801799
-5555367175589324296
4915327235602937718
1010212687811422110
5574650860236118600
-1963071928881801799
-5555367175589324296
4915327235602937718
5157106485864464471
-9069333639837026071
7400224050115455031
-5334687224404014186
3696597153496827499
-6978668960268940993
3329821606409235502
9198845829383632441
7431503719209301102
4637941626379664094
