1030229829478929980
3042239420663565017
2303904805843970187
-7429309289685243196
8621071172679015139
7949379837749208290
-6200457905224033618
-5194386567680041769
-8385947746832021425
7381438571793645857
1864047254183873706
2060040990527155564
-7061837249477454965
8241519649252754674
-6006356718870681981
-3937687939988360048
-5749643262178978065
-750748772275189437
-6512709977362014998
-255583925087554921
-377102215291361739
7445378784735238205
3149420374431866990
-2692861472211516439
-5720797354211263669
-882989281581258411
-2460236566524952286
4344763854298611899
522152938083329177
-1386631065969129676
2899900414140667338
9023182925330785796
5012176016381700078
-3576899365791607004
-8325254092256482234
2369528583620710240
3928192047984787639
3961286124984782379
-1181566193053652202
-2560583520193032787
-5887204799446241006
-1999669621284344153
-6780024261140253584
-1490972287332169796
8925219212164114485
-6011745246397422100
2326558597742941110
-2986458229107812627
-4420692875121558807
5071449538509891332
891592273710578079
681685718450384296
-3635592791432444754
6562753993626348526
8187321343560674155
-657139476991410803
3041644389235196053
-9197134476944603339
-5527424519158584837
-185214523460876731
3871063051517994089
2427376132634981232
-886271883873070458
3720025935771282605
-3916471916494196449
1452020375045885588
-7970298285549120464
7861972377785247381
6112986411459093633
4543041908003216548
4770775404138833165
9216876795829775061
-5559206890371816707
-7218840033846972226
-2129232581202125984
4223285681712071858
7486467460254136657
6628821079087404783
-6211661244886885770
2335112176594276690
-334276028678822846
-4046453878294682923
8147809512947384867
-7440857998105806629
6237752366746402046
-6286481829088977731
-5539157735033766772
8634284037914845898
-848132286930038341
3494853017770277051
-6014227591397438633
-1944238477529968205
2669852620363537750
-8942040227859069644
-1844325686337664461
-3234471428835319613
4004061894337292851
-7114053271749344380
-1811942458406292653
-6147290172975582312
-5120652255063482106
8608455744945827402
136393820231716635
8970722643478256208
-2111798450440732004
-5235785017758583424
8060026580293165726
-5232866049363899289
-5647737945106262892
7682697996206131422
2030844485588077182
-5160260037386515478
-5345201725455818071
-7115090701251206130
-7525137738879770771
-861418010454936683
8331222772255078924
4624947208457815714
-2901930547261173034
5692068352766963881
-7342742267642171097
6279920948491427472
-6280540950530953583
1412749362316917646
-8533179751758605411
5286967383536038585
6068790257623154910
6675358240041897377
-8114524412124185936
9136799331795493609
7167597341775872930
1809442854495064354
-8806420637161627365
8317149783739695242
-1261223252875111384
2110322957870830544
-5453272349074273446
-8839344662478948764
-398554059744059345
-5227067291815490890
-4213713383951591915
-4904676242324411817
2930275949130507264
-1679937511885361699
1650209111815748747
1004369279277670450
-376547309844195850
-8834008887420176122
3609027577360972347
4624404119493173465
2324609153445680626
-6806618389619908206
7607966765918829208
-7036187190875634741
-5433251046388218344
7482084960369980320
-7584196921082991732
-9122193125288851284
-1699033822304338559
3681415613150324435
-415275324082621702
-2423027395711750857
-9090557522133038188
-2697493285245848364
-3785455849904720949
-801493457499379300
5459614354353278260
-1987860800365441321
-7836477729170351080
-4791404274965109779
8524226417660563206
663283428377655497
-754525353600537648
-5437600061484717167
-7689874458446362976
7665284800379236999
7229736141301608987
5647588043297752120
-7013090400230020504
5788865247154471428
4143183746225250058
-4427765433571068295
-5843309467839826209
258368873873706188
-7698913473101370738
8906253451143202782
2107605018449029021
2992626275163147050
7392707905796259346
1727486631816769136
7299968311483459166
-2337665690709368383
2703689541468449132
5959001604203484272
4862123471880726126
-2753262227652194596
8742970058163793949
2453475394431333913
1418611043775907248
-4428790739224079422
7723233077269390244
7699399054723823832
-2545323867891295276
-8968417944465312753
696964450532924945
2197716002072649447
367168579559137688
842476375813891966
1367704233193564285
-1130495923486840211
5758131769795728125
-8290643642566996126
6735849577303170880
8258678318608389753
9058722820871848003
-6201569478562783349
-5363294316701351294
2108059908509481442
5282745811934066300
-5474400540297955252
5057355736755013736
5115686980222053271
4404784809680030968
-5780444301990967181
3784240150312083340
-1540862007130218660
-7398631499754842121
7497682302382673699
4841679043646149614
-8798560098727110068
-1167167412411846941
8205321516679996892
-4985820510828593040
-8104864675800135956
-3854932502337907777
3104418864010106921
-7813012777267568995
-574272710270268791
-1418670651649039428
4609500955341968067
-3940328781699523249
4458728911886429013
3663972400032782913
3395037879716278169
751427317634922374
6712517855558616359
-1972290597708739015
-285322005870728637
5777180394958189053
-303639561775846627
-7219782191264379032
8200171372344852934
-7864055470654757213
-6681450276536931812
6797074778551158557
-4151001475044701085
-8206860185445831828
-6859371469125416180
-4854171672692739036
-457739603733012231
2018302642434104689
5843512903407913475
-6283074223778902066
4226160700400233181
3367413933001140001
-6625815732090845054
-7570195561168698414
-8698270788331065059
-1480809321043305666
-4840990648968527219
-4403501953593206621
1833256368307534735
6088912862759906029
6252547857233400147
-5927401177730744823
5887926489776075396
825262343944875625
-8787056580390037039
-5665249778529115345
798150777853656298
9061948551053127004
2857163725831744565
6130263444707851056
-7146796013366405768
-6326584134389028293
-5117175725013880710
9107917887065894717
3530823574699603399
-6183194873030977176
322138960046072369
4330506770709433063
8890260534076036567
1451622792592610273
-4197395800444495169
7223244434827237177
140622165205210727
-3027394244483386139
-8941678322371328459
-2326816074691374521
-9078104818691971154
-6220167973195524159
4228619707140860541
-3367447037980217315
-3265152802520228452
-5163275187249336150
3301444885137343754
-4927579535335195178
1925868573161277095
3478178298382957140
9007885224974860050
2289387616126367731
2125732693085522619
8316673063347661932
-1340210983879064409
3720242713583815340
-6645087069179421757
7034692754138925434
-3447243748994885488
7861955708504236395
1576331571495443980
5489553511216084395
-6508096492562758978
-8888524804040613019
-6771951535338115504
-6921227771494981606
3599099979127150762
-1300557585992729473
5935365545859984534
-5426757520324884249
-2993107814280346438
-2007689567898644816
1308552460561041085
8704685006418809000
-6369565792850717302
-8594575995922604777
-7012272288051595441
-4365432554619671279
-6566821312255184582
-7800971477802880338
5970414743534010994
7306482969678884176
4807266398585163833
4829009255059215951
2843705103385399438
-497495052613709109
-507301499135392330
2139690567861356692
977388256203098520
-5722170751706446043
-4221723675859201100
-8602186397240631353
-7095534590295741245
-625071374192271547
7928114352084567742
1328445701722698989
-8607088372223737800
-3122645508104918319
-1729707237498937931
-6912865595391851770
3857301731186856773
-2741100039907604883
-2732752181005333370
5916625835755759726
3089225778158792405
3021398067890289971
-1897133782003114778
-8611764586676332728
-9183892226975310110
-2994497519251996602
-6587684824285218198
2320457098739000346
694135535520612943
1164986206477367777
-4461011439053814519
-5561337705471720881
1944374697834852867
-5080794445462689874
-6253738549569650558
-3662421278495236315
4917380783425044021
-3350768020691589260
7143555277440685953
-2110803680180876159
-6291855911714688344
-3887296824370030952
-3136721961826909461
1684242541997461769
7755023543331371982
-520425698905347089
-6799277285784440584
-8380822209281385918
3865780322498526902
2456995244976019702
2261457733814880355
-606168160801243789
-8348096719243888140
-2450840488157263148
-6299917869609556613
7626514541450653662
2400307601256834797
8487855245082365752
-9004750557462227034
-713301200134675188
2715654797109491456
2859786169894526115
11826106322919924
-3582666987756734289
-3416155565111175083
5850029993843733824
717516523560428886
6271733078350642449
7905991925354164730
8738102308385105127
395426532353870070
4357275861956946826
8660066148222107533
-230574128173571007
3980101390551579902
-4805580258894362941
6309440322377169464
-1356148847155127826
-5741543147705885491
-4058617897718494089
-4475517402977111321
-337445216414241453
7637292448959627153
1782403865553455117
-1484775615189412691
-4831662915843073983
3171606945227294097
3591324959525823431
9065002849939591877
-8757480884472243591
8672643595826373636
-7738882387756479603
6884701615764287162
-7279813831584037861
-1445695345898858137
178560510204928286
3074911780128510132
-3501696193680764652
2256916070563172235
-9151615747183926548
2643403392544240167
-8473369397085390447
5766404638378668346
176084001792058238
-2366506832600212912
8430426953490959004
-622826966143632629
-3181659401597346287
7369102315168520378
-2296396423604705563
-67902377030740936
3262165093819452538
2895845942666477465
6988555801482036828
-692520397170914942
5240492522530887931
9035431949257884733
-614988080578067774
2259499081250090457
-4696524826534004043
-6815633174898752811
-5492605393423799395
-2481508752626562034
7053305844115106696
-8660378009097580418
3893992359227106409
6501285206701875777
-5563900957020883347
-3287556256941275914
-2064815171817768500
-8860262272947098962
-3641566376120930091
-1984888521687345449
7818808725882462649
-8126398707521080060
-1984848796181363517
3995624418795375536
-2663684009418773074
-3863586262579682462
2002495340738566107
6149230374148661607
5177875992443163964
-51818092930857796
-275672440777832081
-5559377369321958107
4313625025342365667
-9117732544875257349
-4237689668910697606
1332397938949099658
-5787964678173873845
-3095508128457747311
7661341599849893491
-8943409217091112556
-1794361104825195464
2728605504947397375
6716204971133996764
1559637189766818712
-1439596207109640319
-8549820371425464016
-5495408470989365758
-5958160303437076060
-7734851261867597913
-8747779834336524784
2123827947764398394
6537324739722737471
-3721618259350261036
-1282945733354827774
-31602213142717900
4169737631964702115
2179282253815863361
-964059859307222613
-2818869286259126737
-2942673853265828478
-3625742345265871653
-8015834748936915303
-14774472103453481
-116712500793718968
-8274926060454701065
-5797031909716678363
-3429043603280237099
5557258921722571866
-8846994799509611894
-869150311900455199
-6720595485422885976
-1257496608194499799
-4393929361085786327
6355346537916730322
-3154345164708944304
5885743730856800795
8378251461588656360
7033619846232424642
917623116444608660
7090301117462909115
-2592220603112740066
-9018536050495637988
-1565294041479638752
1080034848432461544
1633452043857532425
8452897936684870869
3237816963665925299
-3367855516336900858
7683271654435784929
7925467698288858776
5679664936276116923
-3567283303928601051
2266960978380634836
-2184006509015356398
-4037875468063605810
-7979606097101690125
8724950389940147340
-2795135206866207420
2530052894039604662
-156123281893669630
-2292303779633713116
-5909618222668093274
-73624217646781119
-5273083374717972983
3071827564022904712
9181594432519732048
3955128183096025542
-8932793228071744927
-2301026215071715205
-8449351999156881798
8369090321232409614
6102580138394324277
-414296065659398840
-6715265329363251779
6586041727496889489
3973549984396107043
-2424983479228711897
-8245616276123528273
-6606780079386559007
408403111565720739
-7707967167678525669
-9060198014405775240
-8852740172557724557
5328268649875931746
-4994350219883430365
-7394329132965673463
8193037083408796884
-7256433481055934971
-4619978473556867466
1974214702822876385
3523328371751643221
-2755711761766681676
8598410017112260362
-1140214958761916102
-7974749796784696797
5619279049079953487
2805108143432225723
-695776832577672790
-8609024567098166955
5142011562511465072
-5924692157658556180
-3042554262572727388
-8268481962462480781
6981523691769262387
-3634745684933606115
5156891856402848127
7205329649347770723
4055925969148896983
-3910961386503256834
4027293749868521970
-127229362347877822
-1377268775627078074
9092427536109171448
3090979415806148856
3105191669237651211
-3125363576782465432
3866959542688481192
-8436892458619968321
2706099654344342757
847290761380576744
-3726970967815946948
6896286014681474592
-4320835872488345207
5724051938266925431
4609702735551118329
-85622182588626838
422157323998933224
-8005169584180192947
-1554971382898801007
-2688310738045125329
-8386116904645096992
-7114114656954848974
-957057662292190267
-3822697378389709069
-6178728840900108501
-8975373571375908989
2033433261573103523
-638316575964850593
5153242058103307840
8633239651404797562
73693878047949950
2160790858343350916
-8327651203437977055
-3838968753774907309
-5524333026644172068
3814159255352862259
1279313001677520059
4901432711629778304
-8269021073515268031
-5701535193678606440
-5814858206939464539
-396366601325691236
-3553725890709479810
-750182878583422575
3315862455450298531
-309537814699321160
7960046317181043171
-814811810203767137
8818903057462298851
3248902821614205045
-3157210754602855261
8573615915606229041
5537859032903850626
3791618155426063545
-8993619478028988544
4552878682043724003
-819270044745675830
-2643876211086257572
-3704596297691514241
4713329016672553854
-4775911206707691383
-8510096143976139246
-8654375389650566682
8635296151140337347
5009251906251995768
7600896748175845303
-2285772465083143546
-2995771474714211595
-7351824058706325157
-2154596372846998176
1048917234552611244
-2474085072762621726
5484670277124746149
1996582878393761716
3495549619470559089
5735817125180495820
-7339305878055928526
-2177893232856418012
6363280409944305369
-1534735442855571882
-5558303401350256820
6818003852736940547
-2184192138719687249
3397616850435036523
648416122539812439
-4369112268741879803
-6426227862709599215
-3296841680851803761
-3144427879314333595
-2164885544432344652
-2594723812844525226
4401084390256009187
-2578653050441951366
-5581381599630213219
-2885048766044371669
8440231353897729107
-8378710347628472367
5486555067821980902
9051279740303445844
4911449919022169261
8286778471433275330
-7391599786147842772
6522172326244595344
-7944597282998035935
-2752318725469095828
-1674400278044378119
-6691861821059622657
-8333550498176545025
-4940541614652295084
-1941293668590990649
-8671750111586341597
-7886416850383895010
9038215858273282716
8938950577090277303
-4194661317917867150
-8834584088997238861
8328091479484842417
8631799726146825869
-1361243206042039957
-7947544805164630414
-187282994511986187
-8600574352000861111
-1226324488636989947
1050940084408732626
-3158935808184775891
2721368617316048716
1361147899245553478
3165235833507935402
4520336858248440147
-7693290636006244620
6482651282703588835
42007139337429397
1515927719354538030
6848104759545626970
-7378841775382150177
-7963094603634086283
-5049344987767237893
-4334456563702109607
5704248131072396236
4110861069499222446
-3957453680508410011
-8874321767408762398
-7525992060958681704
81590895818224716
3031796471477751251
-1062884737697513199
-4260255486739287855
-1195954241027810681
4633858930937556349
6601964432256140195
-466653535866160031
-2584445945229242446
523213034147740949
5172521461177293592
6490548693108116172
-351375080115652607
6401977401409008595
7749646355017630530
8593285952517101809
-8380178949178263771
-8721797670974636854
-154423289614379127
8410360176739580161
8976064265472573815
4736576440631051514
-5868777539327804400
2461681221106187693
5154762924029803295
3992969078908289129
-12931207231806317
2360340396764420263
-8359777646197716268
-2230602986804583072
-5702988315623042815
-6921493343860521843
-3888848472199248885
-1053110592780941129
-8662766804176555797
8412434155174376632
-185110178062222960
7920618724588959100
-4103477971811594753
3462952301273002451
-8624485906559370010
-2598934555968682690
-8590665702335084207
-8143764513602129514
-6016165463183954000
5737868104506134645
-4360246916586691864
340321982806587359
-1222730193466160268
-1578866213595314407
-7421269874647321738
5280146994356922872
-2013480631534132903
-7388750303091277127
-7635309043408263154
-221200901451205800
6293051552857698075
-8788951470954938007
7568888980929958231
1045070059632332002
377318388617749629
-1309746170398174777
8252418943009611688
185127385271787181
-5897507983532989606
1360769919156469674
-5234833437446209804
1393916873416257719
8353484592825369545
-8300476403998898241
-3974151946877901780
4909379300207245998
-9070350008538353489
8416719013743659194
-7946336496433176600
-5210864408451095280
5478798812042485559
-8630657617754846785
7884398806269690041
5136727608902944745
4882222218556129067
-635886699190153630
-4593242718560555488
-8840797010729285832
-8920315612204908390
-4726169874402664571
6115121505101902872
-1980150527748558586
5333976166633242814
-1999630384597538213
-5832940003405582712
-2308781063276817491
-807371729242040463
3672749983218170003
-8773613542389849193
-2495959990451917516
3753845395028023368
-2337731013527192836
-7143814756742876312
7064287598088002064
-125129968873582218
-7234019701944273739
5264527722534131741
6707129687820472807
-1105585709563256453
1650447554194292363
8719310091999680935
-5714988023515200764
8455346536099832370
-3382209179132456551
5712876913776190801
-5399882381519555614
4014221582289872390
-3972103408392786907
-1855312171405597600
4687766735874260415
-4335062398912477093
5192797548336309403
-6407525201188427027
-7200528127253856444
4859352685787251886
8495074990899416924
270502826976421826
1273911165176593984
-305544197449236463
659233078691240483
-4714314358465786892
-4723150233090014194
-504814807061060187
8859668538742794693
-916771630298943519
-9038502877488545356
-7750306277946652109
-1641008287119846074
4257111597611500708
-2807649621775643342
9171784236497296557
-7854807491337278788
6095022003553107018
3606269580572142350
-7104637518584906772
6706168878647014402
-4551556201826130735
-7894198965446537869
-3800267369346265072
4258412962044629137
-7411048202270034758
6230488391816731789
-7652023116279403333
-8001464718952382770
-490471541081588978
-6548861187774748283
8373553561422540856
-2485303634747621450
400163531102228090
22573764091964747
5273294492019524937
-8561297016375328401
-1839206590307608131
-7144382574481014216
3991231889930335094
-6578066970223091537
5663674411607923996
2609051289090307041
-7058800038124286846
2652614802660484367
-3378399970490180213
1099138481111538595
-1738849260610242561
-4796249248947516782
6813094543540752509
-7126313082680421182
-2621057690405147238
6531665664257169497
-1787635180303645875
-7665370487959374859
6651628162044755452
-8038310375233958732
-1851881521618745613
7964681971868713187
-4895190031885381516
-1058436202954511064
9173429244544937905
-6729449171766970273
-1919960223398047213
8320698124077678453
6946829870792821862
-3637708899923035832
590921895458852033
96844067026694524
-345635920363872788
1640289171711501972
-8712200201502404658
7998734831472246132
-174117439497401730
6198039546671029536
7628146455378006434
2722623358067259023
8769840975160077943
-834893552974909370
1450434740805590479
-5078802687881783739
-6723740396134681000
-8391177553897374520
6187417114108327950
8200235683508711638
-9082393820829252459
4200837201108843658
-5861935056613275376
-7849255421212652089
-6753950385422151437
2668212150652858439
4232467633630573261
1933562370950042803
-5308618881372923750
6347818700681818769
1515197370801232555
-5780165955843057444
3371760278529657142
684554522431694826
-3937447820072349460
753340614151194502
6975632856847903503
8848076809278805318
1890051998845399059
-2073489409133097094
-1823271869193742688
-1513240207083317807
-503091779041276277
-882197174151087522
-2248694528255607627
8199417106398307285
-3282435734187601817
-85990702846919747
8904098869677207146
-6101293722750018435
-3406652778050543883
4101580712497469530
8399813849100535986
2792488833731117017
4692331965713792193
-7703164035485234990
-6919808281676017917
7234327585793555949
8084155866466369686
7985695235025453445
-6546389813543847467
9149284812994733783
-2120977179510185329
218637594989842943
4824031075130216041
-1684644448021943606
5343096278050153203
-6190656525396169310
8231792634637142854
3407198430415747460
-1765429713219026886
2514616461859745881
-6652977276008354920
-6993403647419821150
-5985556403451772469
5587461828220558863
-8647985552041887982
3903293202757098628
-1469116549410054800
6313177549314789399
3222305912414566615
-389706127295324535
-2069397937131022616
-4006553315028953376
-8313948002248059906
-8815022785994928288
631889759468919846
-328407735589935626
5398365984498498259
-6516004003790009804
7446069593792684950
-5790460660487188339
-2956567351623357198
-576706784999807649
1040211007802718606
3899006645766761908
2795528541222169671
2342063587819885794
1233053231420364435
4137326651964049890
9178155735554982029
-4921052340524777632
-8000884412578312143
-2285828536812641721
-5194165944108116013
5042994322752976394
4387442634741595872
-5364167183046926135
-6617912970027178036
-3077879426999591437
-4962317960293734967
5012592289965425762
4736569984392112486
7958793965104651762
-8462510998681660531
-4521778868409879994
-2049244776432225860
-2534355314134809917
8935366347725572960
-5367710001787088559
-7001419383017538602
3000152839446786098
-402510903350099763
-4620233920058389958
-2037145579730632078
-8070786669870387101
-7526304948931913068
-2442724282225120712
677270693327443995
-3095623212307345593
-8314410386536913241
194155944890797786
-4030448025405203870
322244324842714277
5643431256848856946
-3276036353433316492
8481407463212636381
-7226670631163305097
-583421409148380613
2648125500367560461
-5026333064605075110
-5661775598608489375
7037341843367518198
-4620352138277641804
-4234061538276360363
-6229926249777373842
6421017089268854977
-8456073663314781129
4094862523146713489
3448799766799670537
3819954970835265281
545658220630807192
-8098665565030757239
6251963696512354509
-8828265239374925616
-7518098821871139701
9038861078717554690
4306902195046805748
5570697657566288960
8462795257626003066
-7739803914870947832
7950579577779003943
-6654113892308075726
7768629681124808677
-9090314597307759068
1003782321162882830
6270383779602080907
-1938514264904666066
-242567462065213681
-1833405273024239876
1786043769176758407
5224045424236899660
-3451070378714380754
1882873406647407140
-6642452106914259905
-6858709503289517550
-3311110065802202290
-4859717215089777430
6741783501944816446
825467750364730785
-1581980418882569096
4700397272759977320
-5895378617832712555
-2340569676313593352
-517348198776080153
7692781356594855241
-8150543206635748434
6498359395553360666
164484329361697051
-727278578903314911
6896272163766892173
-4224807389729674882
-7757624428661972998
-2449105568395534132
2190164844994611276
-3026786517804345441
-8751434384130130015
-3150689769888951678
-6015018458532939674
-1583144359117230563
-5704014674930280033
1455982900214399522
4423271427250780918
-4182264474120893757
-2849945125376739163
-5636676123879976024
-5479645172186683215
7572698616035981693
2418149255309726382
-2982299348682877394
3739429515825000563
5030557509711024887
-739100946691473878
2414644081449447371
2679825945125694697
-2941833580892587580
-3622298256858293315
-18664150170021299
8203855561482121769
797478709498021401
5349122034576339194
3046076681501667295
6651963750454356829
6381644289619112067
6747795806651182348
3735884537252792719
-2717090689146816523
-5936841568261226271
569553348603679634
1594912296399373427
4504581489619180028
-8301695887976627529
-3776965705725937403
796563452467112768
-8160443871976079339
8295171336025916281
-6395397345920310137
5503900933206808804
5760059348507930192
6697995324291953454
8595888098687917567
-3082552610092015409
4530045168913374373
6041617826036534324
-6731348817728486534
-2538133466392751892
-2198404869581773635
3763068666997782989
-8557844071601808021
5522667539156020809
-3182301173369972576
3987907874059567545
1314628640221093910
9124865032389870012
-2964012127209347496
-8069982723762720053
-587798640076010678
-3243225513783929201
-6108301217478908622
-4149942253179764986
-1740165435619114588
3291008651619760252
1779572170143895860
3783800979010486651
-1750598589329568553
2998188703058000073
1614232398178945310
7759644157161116484
-5971587664699946261
5266986720243272125
4571518173575540045
-2244520168097895153
823477069418491703
-1476721868460668708
-5655645161571381713
6949907067283557581
141705496259648101
-3050236383511101255
3843404544774075363
8932557702378304526
-3433744154174531600
-2454704779356620651
-2005258924494650729
5534419080830904842
-1291789170604102357
8627207343254287612
-5089015379757764894
4446289150672485721
8838408389738879827
5513160848189643421
-6663528843753875836
-4934557428903513795
1470055386500793111
809619354422589711
-7489330205479595117
-6093863677793286821
7007088390783031399
-2186224674975411709
5347671901935857101
-8482252133410703054
-1794735973486045240
-368027272465929251
9216889550145937133
-5703582344889694937
-1466162925096306459
-7150100155210707032
-5926172724969111244
-5350479704173664886
5974262173248030683
4992425816943862571
-4328694700762040581
5906585251802722304
-7418327091340490705
739576254082979748
3392947595936651480
3639013693056228554
4645724566841352977
4315121307184888095
8430161634041996371
7731453728838297607
6021325508980704571
-778395834112145712
7889433644025112073
3348882025943205589
8556370765080777805
-1708386270396254945
-2432989487547211797
-3369354125346211044
-6208806913911746834
7101706234262868480
1022200416997313778
-7456914468169617787
-6149744613351377631
2914789152830216366
8447836646973265244
5107095742774602854
7950083967360114236
5439881980450391465
1632755788837146951
-4704989951465605571
-1223264169466733894
-3419794139521443106
-5646822691980906336
3586938258792293487
4549449181438035587
-3320671494579479141
2829823301706222955
-5902567939743499695
6257030195420961657
699892474158481830
572240385701631341
4553267863728118871
-2550019920688469209
3244549182958312825
1243498893818763169
5173438705726658821
-8212364492829710149
7091519111523576339
5349271216649889828
-1546029080419197381
-2689091709208931593
6052478363864631284
-3116268127732452648
5994585540002579409
8031757702414886041
-3012100421621257805
4813225189189235049
3340435705310663261
-1657885021749902405
7911207097002451185
-4190370670239071000
5242102156695472684
-6419404832968997744
-2541440920801844286
-8787288861049723094
-6080674036918130388
7017465557235353499
207129822971998024
-7772359924452436555
7723308491947876136
645678148142497395
-2078524896600989416
5739558638813677849
7979089220910199402
2245291132177357835
6875374417404773810
2795867719289847598
328960378591987020
3345788078002808087
5817299421451902555
-8091626727982445184
4687332778700028372
-6593480565251015408
-8469571780601275240
8334276986846047505
2558181616762666096
-4772994783525566780
6642469089470110493
7829205227261070078
-4412425436668177554
4070946536987258346
-1438926593716440858
-9147718089538445235
-2066233623905998001
-4208197832839919647
1416579713725349488
-5186644707009560170
5531379018253764479
-5837558746297466911
3856666980150731240
4420822470716516713
-4067269581349907935
119435013964128436
3912971345419371517
-4413830953537517259
-5192290758051820833
-4513194992645506783
133971728502096812
-915844311195416343
-3856276739155983716
1043305241567330320
-5663193123419982257
4743359294978456987
-8449734118768320260
-7827786631415906820
-1745316534043663813
-523502147497180836
-5646318575156817666
-3196383299342641857
6523575298560600276
-5547044265198906618
-3883155202017939747
-8081047248073959672
116882937933366476
7315035686084982469
5159384462283805488
2583095676195938888
-1774993062604944078
6500315097579071476
-8943295501640918137
5019285945022080695
-506860748004806706
5070645322903772413
3049476351513119858
5406734926782186655
4422478083897843890
-7329647359751879294
-2076363945659830445
5120260231457285668
1166655463683957889
8989919924343181639
7355797172257904801
2090156693615717764
-3397812252129868505
-7178938055766518247
613655281313946290
-3849931951067568768
-171903308571417191
1381660811269731856
3953540598000408241
4999887275141306462
-5322081660971726733
-1225258907681773529
1744699183900783645
6074172090202649384
4516808968176701252
9220369528210047450
6695340316560952765
726446903346627569
2231239111000194802
2768864166492792653
5252660967266655656
-2483186091873779477
-6577535830714443351
-6784049087221297230
49159500056781617
-2910081654776412301
-1661255661448465632
6516791510442620568
-219732160941138073
-1293293159833253935
-1285117015845751597
-7838762672725753654
3684283457128344511
-7583907012938699626
1820068379485357382
-2561574567358855163
677168288245543569
4371450552593912054
-1113145080463862454
-5877228144482433593
-4787332604380674112
585181240227437559
-339711627203830666
-8747326406639336433
-4968932113486893069
859992265109737521
-2188733196308084666
-2021218562456268377
-7086344569958379815
-2472739080219911033
-8378916993691023586
5187733353346021981
-7872273919555858127
5415654278147694696
4581588896581466524
-8766666943289409870
1918606048526703537
719118236818068379
-2342302029701137826
-7033308000776651067
-9062478139277893520
3992929203707485000
-7052060935093491359
2607789254431971544
-4454203852182184727
450816217325817756
-4659800421893245685
-5382036314644906920
-4779829758711287900
8821971508989648102
6056843051864902859
1619108532261631415
-4169326911064901213
3781941852744276152
-8460683242117937033
-3821575640966867661
1840036247296697466
-1735422333018030284
3529831040202539694
-8333216489795294585
-7051203293709778527
-3383836077235829878
7822226013109884550
4963821992101164961
-6498098346428534917
-8269908784486299486
-1058442901440435168
-8868156043247671446
-1882167434160686317
-1911286690462518661
8156273642894799627
6951638844258971624
2205457679120287051
-4921539134044692600
-1180210710043749424
-4645810665792176973
-1552496104065818128
1601521373984735103
8326141825681490234
-4022205827065167798
5643650301930501671
6800912308911544584
-475929485579594773
-1191838818541390285
1452454549668099384
-1258082424152272484
7193719114483812637
4533043681947676447
-9040727159202638538
-3975497104243883637
265870950880623955
-2219748329055457464
6953912567005456921
8766416759666589725
3763581976141479836
-7255167077814424173
45628319769222312
-4797161142769188229
1536527801758127239
-3096880474921789302
-2442515390733750056
1769469307203422617
4896197125692779375
3947345128285145861
-3159877504717919194
-1159880810360019502
-309609579647750553
3502971046514055680
-6853351149218514892
-3336371975327129870
-2060137272930006846
-1857604870333261761
-2005558730561485794
4943550755584485837
-5950267167659524085
-2840096529380030555
-4042317718469886445
-4468573036677160023
2245033588631782133
-5963822607239919016
-9060412357495373058
2205532522818453697
-8868669842831936290
-7229706840980067359
2218541729312390692
2313338405325853584
-233617397115476611
-2939288344007638793
5384959171934907472
4662912935688935645
5840732200727204913
3282696279611401545
-2149211096060875326
-306999568244758368
4498691447320948987
4102613355250409125
-7759838146348358017
-3657070853471296143
-4751462675646870614
-5913697214691164317
-8165503897355302176
1015758289352889112
-7328804564088508388
-5157899752701999438
-4730101071679068476
3526310146007837925
55930762762464898
8915203457496609015
-6929510788161035268
-4283377108061563319
6735478558155381106
1305763321139290468
6525108513607111397
-458778046953185635
7128644624465581233
-3701622416961339743
-7949274369758574938
-4078624104677324716
-961460487038864929
1799978013584312686
-5741250130281599091
-2031904465249202525
-6248213087432230814
4312200994200993495
-811186460859741154
4721525734280802515
-7059056811998284384
-2262967907344211394
-1882442938966169134
1559840931325332280
1903041746280861658
83467169997313433
4097522528686139441
6942750383687503451
-6660975256612414954
8624726575464005645
4752242460794278985
253529199827010719
5191074876547453783
-6456684470331655281
5966555688597338193
3575606282026369569
-4804663197107707162
5626631217418262123
-2138210486802603246
-4341751506172324870
2215380479254693472
4942608228576197184
-5870205800822041846
6827507919120792404
7123821566215588241
4618195891892248256
5217424215981963718
3193474470147199293
-4781415313878429579
-8899430821553988787
-6372752534528489472
-3677125675119789289
-7947627916409446785
9191152448237014653
7282627962044600275
4497348712105731867
3713454014849177128
5035828059084737248
-3712826932036571863
-2214328453240178843
2982170155826093946
-6762331039354409063
-7802607759029304890
3100711873992718070
2040604942194509225
-2243011763644976563
-4450697798625746487
635390252012326300
-137867353160051821
4583083212048036889
-6579469977339548489
3019253291095241349
8130375677862579463
2680748641912317078
9148100977372577299
358801598503627659
3512847613067711097
6488906014633163020
-134865424949408271
-6938945689974207835
2526946696754588939
7509644122911057938
8199536881737710068
6302653645623793025
6947413332051913494
7693004205408663962
-2685835457372277440
6557840623992310890
-3146189694234876107
-6323057351853424959
-307755779974106804
-4573596995045302132
-5766036978581994976
-899186492801143014
6946826206100958520
-3540351373781316289
-2900129492729271048
6996159087728362382
-6655940275610898719
-5249869297294061058
-4229045507524067030
-5102573962238994593
-6337474099370202928
7426901154707736126
-2237627397081431084
4454868904036722939
-6710103847009158688
576601700439436730
1997922446114718437
-8228110373912059691
-3350209667105811190
-5066887025454910654
5829344908771000879
4443939943834027343
-6809149548228405098
-7339053731504882837
-4654538492934686491
-8253080057325351865
8682251998099846006
4336071008513885010
-6264150647458586674
2924616655038259632
3375261008791354337
-6545215756845253470
8164506345199740620
8749662946437141210
3287864886856060128
-3607208458201136442
822081597383918224
3498538891231906887
-6215465934672511591
1123274846981746601
-4180373182154059306
-2561049714919422537
-4715137414105569017
4905532152768059524
3441041786388822427
-7722136686134057599
1531085284052934605
8952268095271769839
-9031038073415851711
588174917766257482
503771461085101716
-8892881932977072036
-7175146219243531494
936262639899158277
274074186002904505
3570472672376548969
5222829605612955645
2543308105311713327
7743186071202538698
7650976254702731906
7155033711947627541
6676876533231821503
-8205536416207994684
1727979253264419118
4765380863807430070
-8705924052924144448
2747598722207953051
550313938112724570
6191797121662385838
-3460377491810481410
6399102465487890082
-7017446385155561396
-4934239891892456761
7693136878940591117
2421634645440601641
-8586639907731048638
-7021820032474814680
-8791494615365360882
-8253792071614148270
4686721547709610882
-8230705115407356362
3587566207162418639
-5218675899899308274
-3050003687839772574
6069031794723416388
-2444913618402986810
4238471207875876931
-3992033159005064808
-5092366182468698932
8414853373578168027
8198520708558995862
9139672778680360442
187260923315495759
5573524126850939386
-1952592093279420252
6469924719308272779
-7156505511500696360
8300213809841363820
-3713402711464202211
-5556037828943523725
3837102251763808115
-1009691714279683221
-879483494469969552
-1477940717885586971
674364531850879858
-5795499037344125999
-8148099635068448065
285251484260744217
-7527773636503430108
-473964550517450401
6853555555509588419
-6530349999382465462
9100412234021182343
-7927713643442062939
1765273212333896313
4700361247659472509
5115383684927109124
2836708982576694827
-3855325066737457538
3140786498244517487
-700775086589832197
8458245079851418634
-6191456636520906218
6561550903517814735
-700531315247826683
7472120329411312892
4814110084601275710
2755079048547586010
80863174851112672
5599237028016314082
-3406572311623267657
-1755353764295461494
2854581610237972827
-1716601261112556651
-3906639034223495498
2862792453807929107
-6670005501467444570
-566611069658106151
-221897239682891887
-9053287098824631430
1090732518859590593
-1663961173288373778
-5712611701109551178
-8826828000016189313
-5441502617675003366
873550834445047464
-4066729330518811245
-4968449346662757875
293179269164291200
-6214508284169938795
7055302764062519214
-3831505028316851449
-473579102839144915
-7261360081533390208
7924750074572933679
5411639212791740468
831978189580066087
-4761183054698880219
-3917472534440849060
7342513283105480251
1799458248984884378
-8138040369809200173
1872494184952948060
-5486214175000910540
-7772096586373792833
-6607013452018910241
-776101847990590916
-6135506730157213318
1509671153583065368
-6868292540711287662
-3724042083723460285
6553439348779072940
1266093825688319247
8764116515631508199
-3960366305764111632
-5745470631198317896
5650067702578031553
-7659772128975886771
2606321450653797110
-8571001590916263709
-8249590942830541127
-7907165618534303049
-6435084112797150674
4265775819623448449
5978097064418403891
-2511713119882064986
-1343369633575112200
-336229767890973750
-7455305258343507729
-1319135158059105184
3013527408529677986
6208912781913400741
7238562648023683184
-51035152597044265
-4444213641388753908
-789156776207420919
1395772725620032831
-4046573732761536115
5733151640039232158
6725651330457433635
-5556066080441614489
7964756968921563418
-8699216304596383136
-6350691294103195184
7797855573422255294
16143788901146848
-25026110903581908
8482624769973073790
-389382277546492815
-2623830585867511353
5722397347766140514
-1358557865820241891
-2462555021065137213
7276457176296993551
-2437106167230542485
9026002816459644401
2406136528304822896
-2674538342285606217
747391906761672513
2059495149693717705
688814299418520891
-2139275542822719950
-1058852242229459793
627768951036966457
-2941113841267235315
-6814252211425535264
3456416280617737961
-688131645337179227
-1047515885537130437
1177671282815105085
-5505293180168204908
7636009836522610531
-9205564573516708309
-6313825971209161594
-3007235480719454006
-3425467163255660565
3836730082030065571
-1423961132012425135
-4350965632542424629
-5258615980913444863
-4976979501429674379
-2340252795213171812
7741791018388305488
-519331056103852810
-8339747679470806334
2201439890900320954
8673043411274784088
5466875756065316193
7844719202769667822
5625813010974264390
-9218934326085478263
-185672106822837941
-1848632440758447115
-4695936071586022689
3200600387279410659
-7565709018680843873
-9111072145309462924
6412070988655986444
3223842439906346116
-1636528609413123569
4814455716355954934
-2534089711092601966
-2226341284883948115
-9132669447490499989
-616316508211952335
-4555193469121975911
6218519867353739170
-8049213844135252317
-9042241266207973189
-8935184000650631154
9055239347440315367
3678885289976254368
8135657019124262958
468189351772436861
2959147277319344838
4167217660233319396
-5250545213610288083
-1831113993106631121
-7159786308367413354
4390972592055038285
-1381721991947382464
-1749046099508984750
-4217108645972459211
5825388359655709049
-9111434599839619769
-4082746696131716356
-9042894760508415202
6222658941417223227
5449643071784851122
8784408484480962237
-7128583965027661963
-5108667508750258488
7630833460359730108
6225200176878739046
5653864857611093205
8076800498663598681
-1530721108462728354
2364977531429322980
4834179695012442141
5157571207946329931
-1143032055460285608
-5723820998470138669
2306716509134717789
-7350403237618929363
6905174330497419755
535605601312234521
-7308088124145565423
4846680284401947599
-4455429891910402536
2538504839677287803
-7577085365624936413
6102270075826091687
-4683018348458153889
-6470538297668476238
7132323264024001938
-1879848281699790471
-8750560262710054802
4340335413133710657
-226723942050027033
-5695111081475176687
6717397239624894375
-7891084397253886553
-733784299489805242
7827017927317916293
-3181499570521427033
5794508840296570820
-1638261852127477077
-2515985348266721350
2506594727228786899
5273923219323879296
-1466353785311223406
1341367090778801249
3563435583238484297
6777426387471744093
-7655264998545367921
8060312604406760276
-7582258216538694528
8744055310405923517
-4911980332399874959
2964143095475114846
7096605979935114523
-3324876207886632023
3109501092298090708
-3157215351224000005
-6121724807653917640
-7837682359850120166
2893357373549094333
-4243412906716338631
8502156126581436506
1891119336519914467
7780766791702272490
-6594813312754968536
-7624430971607700705
2234069990676154894
118030301910976235
-6065913607688831666
-3459470242358489865
-7570094564159276848
-7808516500241851992
-3517870104410507975
-6562107431493485833
1613660677378376425
3526441390526268663
-6711499872711708748
-2488641603180422700
-5520110499514379842
-3732190022766670707
5514137521970976268
7299940682987663572
558568000814818580
1843484346887426770
8588885070696535494
1956765302512276481
6820576151309196751
3784086166896782731
2483973994396510227
-6430624992550005402
-5903930546267015202
5459306864012665249
5790504725313114729
-1534448779428471883
-5275505142982281220
-7313854814872946442
8313493604602953507
4239549450487238685
2851523394863613633
6695215148851129296
-813735537940912278
5247110858623677793
1590691480043753966
8436579727063013341
-298910242345169201
-2558001559297042252
-1964375407908942457
7037558411982143736
-1577524519662385302
-2693657245964380581
-5003249409342982944
4093314053406002803
2997529078702971465
3627718369206986342
8063670590989708122
-8904110124562627171
869822373959824802
4873346824265812894
5115432659703779005
-4769433844142988300
5837821183821807369
-2330148205240414352
1513721834360588131
5506795160081894861
-8751019708514761042
-8037926359869618592
-6817498452784454311
8441328996458319580
1793941050825184086
1357221979390335103
-5836860453991509295
-5122966141286541218
-5554094803448859947
4635369270491969761
-5191008388106002200
5143320700241609884
2588745142151965613
-1484560551708976488
8750157475751960802
4664231486729988143
-7643872460223929870
2775522665652999069
-7185986293424129179
2022992666331260991
-9154101335228476927
1019596751624278367
-2996937750163878725
2627113185906115452
-1233918974694388935
4288036449175427844
-9205519193636711926
-3224081927231900770
4193681520013969669
8182724875482867503
1281191982308799252
-8232037548955963838
2290809170625507933
-4213810267682099082
-77617449818965807
-8385531304826755214
7502973358774122823
-7890573038821002752
4794509047854184322
-7592787037549682713
-9032129627076990243
-8907971462761916746
4121801962267106135
6644943565134784715
-2659550479030894951
5194974435803299248
-8158252655174402299
6019828683055944166
3656148154691394111
-3273947143724045140
117141484526248647
3094520409674776868
-1390442465552711738
-5724521874901362665
-8030610509189472501
4905510279690623957
-5199552463524972165
-6471995423462576250
-6566292842694977743
5201737324651978752
4467378476987910814
-7672677693113471778
-6486110649557898291
6223084115775054375
-8548162307160462929
784132774280835870
7205201153911323577
4786012106693619657
-9201405817286312331
-1690557150694947902
-5704067308955034508
5006697469615286655
7828485525252224873
1567222733369897108
-8337490080660754904
-3968102694916618064
7089614346494211111
-6428085719638551057
-7684615644032730281
-2763589524537563427
1479067606880169950
-3016696854480642532
-7371900911967171215
-7593751081128096568
1892677438279921487
5248867846525843014
3494261753880199889
-2927422090570236232
1875722465161948789
-9219906919658726456
7607202202140421249
-2875326023127539300
-5924271945397109283
-7615226888846742399
-2383736026789317028
-197524434950382727
3354913926011812405
-2046462957232126527
5808587766380104336
-3147139007387998325
7359905058061272818
-5571140293748878964
8020533685956724844
2721099935042241863
3674942969816344564
7425327552834407869
-5854566964064910657
4318886254386266580
6730892244712275556
3857582364898341728
3341933933358374133
8971633119493193391
-3807133342983876018
-4405181266376279518
-1110037770007624569
7413238320573208081
-1180740555563531126
-6507086771749151043
-5231711727722154215
-4566494245871245037
2527065875333503705
617015186890762638
-4963957502608213662
7729846070100539257
-4307192804065907409
1384040385177622869
8321978680407280441
-6175834531475742071
-6185762750212328818
3220575056363360041
7277570924940865821
-5682627537121100840
-645171760179431701
-5192767531817177268
3726646587482038511
-982153366879494823
7148288963363241554
4662160265465351560
278261829928754896
4807559903176447991
6646052523492094054
3716066795724525044
-517060457038963504
5710729937501677104
-3078544292252024398
5727903031637235658
-7197782831997481749
-8574607142261083210
6401198512649593993
-7810549462157441712
-5363678484878427830
-2632554359157303014
5659907355493411553
5061393811579345676
4260247885578166508
-5859901466252546622
-7324755121292128218
-6050101518202862460
-1094863755589205721
2229577273416287465
-3179617230449360546
6949316058105381205
8711299984063905140
1937527019823292779
-4944218582822100907
-1314571916596459788
5459406930099893753
-1253227907090792814
7814945590288748630
5796670432567170516
4066023312375498257
-6341230067947002561
-119999157917113977
-2849237809331711953
5984558049771637555
-2265195025697399620
-4415541503739992630
5336741816631292473
8170033195142472226
5874032648887789042
9039658339077395230
219043789844419256
5027939289976235848
-4080233795428595863
6333780971626456339
-6414209830192853269
-7342029518523505383
5649884990207069178
7537464510489205797
-8244207816228024678
4514601610926768039
3839326445064441965
-573308929462217042
4202028366661912616
-1450317594765016894
-7264532117945577737
7670539454298359648
-8738520161611885019
5481386222276771219
-4139207730354227649
2274201829379416743
-8820874309766411576
-3539637437090214498
4441561465441329053
708221287360674794
6166833923463034552
-5421944234423581585
-681629741881990604
-8410873741538394680
399755257713243680
4791992110352363430
8880038872166843266
2723510832330157808
8342946029118005018
-5785275867970665372
5046638881242845302
7614594298638091142
3294946815580875814
6601086772730331905
-181828499835843748
7195957109157300440
-6271307279081477071
-4124476240794687544
3577729150291536978
-4466911475950662291
124336040114614972
-6833570776255863525
-1082454661426630625
7987773801060145787
-1209987989472681483
-5805332224165050040
-3250278054596759945
-3248243790920072025
-5134945359007967842
846661656045959120
-695417806455315301
-226676787475489054
-478683722630426238
5041352244839961111
-3205243005053785545
5056790296357289024
4225993358628798390
928115889129320505
4508067053646299501
-3831213300105681564
-5732244114245896935
2716145112444893450
8627445257050240898
-3057732554241682329
9059032743026922656
-5554397187077761300
-573961239661120131
-3819682022381572805
-4736951452930402600
554520222868317498
2110530790598190063
-1115382404421478906
4285765230338560121
6619748022100912582
6299549399240655909
7556719416651795083
8781424844716459601
1697765226459701317
-4566925255578546542
-4718782803532928047
-3679533237028715092
6974552374440404707
5180168575054307169
-3519086466910865598
2319574003045144480
8656875718720584371
5623553183832846531
1322299472041976994
-4041635285117107243
-1449494132087838130
8372194790449759989
1508696602588848082
-3756430762842439433
6325074802948946411
-1379823595376901148
-3341403121394409489
3531020639323637283
1455713283114081455
-1026507951651091553
5951541465405260029
5544418509041465854
7244993683350123461
-5330261390116812577
7054635041602120748
8813673567790826184
2508004350721007061
-5679555535151372499
-8639343205757895732
1597961507655621323
3300177661155970406
6121860312710439526
4406858002377040109
-5540382122046350716
-7690541003816447954
-6540520143317002688
-4246880358622976592
-7300705337604555929
7306315054976576087
1998884313469107714
-3344235102286497416
-1852707448366641831
1705070274985145188
-1225050397007265012
7019007597530936650
3364614620016246488
-4561160432347125959
-4231298740338615335
-2067372461098625579
-4703521980189337766
8383323344844420270
-4513315405369121924
-3109510542619861603
8268162080544035119
-9108537207960919187
2231320140776004959
-881259294082685627
-4530779067209838020
3907279830759641749
-135526401249325154
-209910791543711462
-2451462817433115790
-1297143239316165573
4635455446590280443
-7750358902399248058
7359023967593116062
3210359025238786299
557393788596988307
-6343603739289094742
956189812954801665
-9148959281740472411
3122132395867240028
-3302638266294140223
-1033151823298785253
1802315388397025281
7324791569220204672
-4262399834567682764
-2738936395068615909
3687497709542967007
5640671338513290325
-5759760709648149730
3070511888404245232
-1123510931760403040
9114568955955884239
-6728878806940714376
8804988106614560078
7524321816613389183
-9034843743064126778
198361513627041935
-3182333854728856601
-6393523648566395010
-7916705417893362569
-7969614332870169705
-7376127819550666355
-1914183387092398961
-89075977741722746
3763593189361459167
2740518423302565983
-3986889492495943827
-549096954156468190
4541940781627993825
330508307264795216
8632208244145279972
-3245389827522062473
6285651006389406639
177827031894065394
4933588613763743291
-8846538821046753134
1972412465576172848
7199715755698903735
2881329788002457087
1439412662773706681
5691836817522290277
-4959083234192012037
8359754342699422795
3281123060868666510
5552666157411859948
-7745608418926264930
6842149977442612197
7347634164453066664
2444517724338778126
2195533949853416800
7099269954015185106
-1259987696919969678
-5075901194622327493
5210019307989777838
7584409812808522536
-516210708647087898
-3381603672824919368
-8353789795567930004
-570922550102052280
8155407128852944896
-3048616890817375715
-3546596437735529131
5697090398692213541
1782926032775747280
7179419296261303401
9164769728136050824
-6957586421142299459
2238383960072545328
-5925331416945364876
-8273199939672494010
-5928795464320067564
-2864086663490915596
217883865950129681
6336473964489753048
3504113582476601252
-8448038039866128573
8554619293444958826
7758873346393373410
3257070255394165307
-3678429376573057689
624278796453117201
3302198651598483855
-2777946380142062487
-5283261246823495764
358419084188722675
-6275286255159168203
852379386945017254
-8658085334776364366
-7077047350569200318
3188234824397317230
2723313389433480662
-3657810299347671411
-7446714082675184258
-7669852761311858813
3998499012496827553
4180382523911118313
7045875199519165199
-183722067452410917
-5178634108836070197
-4958329462332652500
-3544518280915946781
1154200570372892331
1156197955959296208
4931718811863197548
-315738791053050838
-5566208761635519590
2313775191258828140
6520957838761738836
1726516066320247844
-1105062961279753771
436700281231001948
-3046364591239699332
-6373996222967826695
3031260477005134933
2719962473506259814
3506846574162470078
-6842401712429789836
-7815918413732852667
-1957079711182441514
-9092997525041185265
3213030361876789903
7010175102502491036
7770847714104491648
1000855303088852191
8469924548603942964
8852619876498171209
9086663485619966377
-3099830323019761561
-2408379408069517617
-1328036566625186387
-7042106390835655086
6851525144346396346
7197689338128751878
5928448129176188163
-155417011809651688
37739161246176579
-3164821209176408720
3020043851091693277
3978817849380463795
4349135713502403944
-413125446654479898
-7634012954467173057
-6353793993212483979
-6338442482929351626
4940163244971677373
5738778300064083389
7882904031579514893
-4181186356462867538
4621365097939727049
6432875407413589434
-2370783066984001607
1439062688332485919
36408736819991631
-7163723220096719605
1524014776213076304
4475525741214058236
6709706990796492844
8183337901886275031
-7043862448726246864
-3062807917785429612
7194863395644786830
3586356799612633203
6316130667040089892
-6874075620949644040
2203431729607223023
-5529323692797265701
5247225845306460965
-5119871444480865728
3774302080562253350
1256232430244496778
7970825325041770326
-5517463598935837109
4617181719097080220
-6569556080880740948
-7182834598325393873
-5134564880651549076
-6504029104862281532
5008177751828084420
4320040119789786627
-1678020343713676189
-4149729345132429538
-886732109326631808
-8945002875067792494
131119725387163277
-834580951680205225
-5218039123191592348
-6977008573435863398
4079606270989028570
3017899570014817141
8043090490897784085
-1115938682526635198
8505737258751433592
2400455095811363033
-4313629946525939421
-5687358649346984341
8316834127068315096
-4792082130180329545
-2460722307246640298
-8256470323962417395
-8582586471017167720
-3038239795551345679
9149218911737787141
5172129934232154194
-2202387149826552453
8770890900193463898
-4798008177575776043
4493385845549794523
-6771622614256716844
-511597350166646510
-2090457072608302757
-479518229899466922
-6757247997459115109
1974330774894283054
3407053147479681976
6033812992523225933
-1216564932355355879
3418296579562945099
8937046572325566357
-8420588947278567655
-7570127084086195666
-2416822818793285357
3390843216174414552
-9096544408539289491
-5286530675683842514
-4794850367305539114
-8826376226523835252
2216420011966947334
-2853602255383022266
4289676303015799415
1603480328176133300
-55222081797099684
-1531434261488348847
8232172312996309957
-921156569559253453
-8790588903899945293
8939209856523185810
-8474920564119591966
4340899736024821135
-8210571486409336463
-3574334480199578240
4310168383716035931
2902058983757717225
5516400633839236892
6299565743220431274
5374785942495635898
8790077505110194908
3854489166444803931
8445900919952041638
-145016228667443656
-5948347617876283423
2034227145339772539
-4914492002691062441
2298543086669446257
-9063832700275158004
-1975357629202156944
4525188092397657727
-2627811681903686941
1929837380014910240
2542053507362845158
516608353593772841
214477994111628624
-8522331560419917230
-5096283616970089179
2312021578654364671
8023651256277436206
9056536844751435939
1310851964305827600
9208247147285973773
315683526073901149
6917172494613837986
7144984803410228948
4776303744738285143
-8700535661046002329
-7244080400354422697
1838088762819489124
-2427312144518284844
-6676135458586143358
3643726059150259471
-6380442825352273034
-2505903412311047866
-4368170927795729479
1925309581632476173
7331301734366966063
-2388742011724759354
-497690747920381944
1187574708874582004
2055605040423784094
-781012285684063157
-3476275569567440117
-5222856797315107496
834571245200692438
-5167715342564344838
-7093624016752691353
-8947939869760417190
2402553960624021345
-1264928554842825278
-6066885522259129818
478337886146174520
6014467957086046172
-6116162902260855083
-8396800546181536112
8567067270079265725
-4347816225136178868
-8716219766300705931
-4646140035846237262
-1824809456361273748
-7651881471783842640
4969897563043449543
2644148532251704145
-507738935385416483
-773067593510591551
3450573433749180024
2023683688793410059
4128946019919837572
-5593357964031008102
2920457349790884251
-4569959740689406609
3296228378801622337
-8569932931078272334
-5602884344317924752
4738942873746550207
-5331036996601206875
1650579977391926312
-2516419702683233953
4433129045122987304
-8708945127798803983
4957754694649445893
6786998610790032171
-3382430844897544937
341745562769455488
-7610990047771820181
833766674863805209
-6660787333322110381
-2697639580457458912
624275208126596297
-2339768042999596755
5630984311671093999
8162659642092368180
8935670695402638339
-2610562154817938784
-5089417117246097082
-326335853262519471
-6547773268896341729
3701560218019526704
-8830088517501486524
-3551519766442205357
-2369006993561841484
7604343245374214178
4849735071870185663
5690898926832068338
3381190741912565996
2797638339414024245
5618378009741818652
-2250369742562427149
4237842266359124907
-2389898529656836473
-1253001203026135462
3587512555983114030
2042692456575483951
6281914891860953686
2674375060070254279
-3603816244270056462
4057740374639699348
6897739944622606365
-442063654131916971
-7149692346667147731
-7099826751234601023
1779598403466097474
8806242925418993467
-2613396496237820105
-7426069454052900395
-4031080430868122939
-47422183819777927
-6885941023286083255
6180789664958623206
-559049151650742470
4339834353564068012
6703916780272683013
6321818013629544458
6429244708272098885
5206986132840449321
-5896476680732403342
8546888278545992176
2297790858033468048
6399057886253417496
-6512553226543821312
-2249979592417526579
-504946989092483827
-4782101135288763545
-4448234807528947188
5962437989536443322
714162369384635688
-6966938782896933516
5177003420476817631
-4236874934431309940
4284808470291446681
1210282679429120825
8568556882600123838
-8157134478638280193
1927854380069932661
7565064184949156598
-6863086993064409886
3973722262632631243
6549925231006023087
2338181498351088912
7308280886450579660
-6715246174625383301
-7192522851410523395
-9013229741071609487
-8352869668400490910
1321214192239439078
-957924237137708846
-8629045145278181886
-9038356904866438285
737228805803977179
-5408226071049265575
2235023886672621121
-6866840277840003389
8097504154074743029
336918986166253052
-4416134684906349994
2122600299258977020
-2104024036406772431
3453105096051799344
-7410104749714404667
7936609340896816910
3390528253137713290
1608326620293113947
-389447452046344108
7135555853050236972
-661716264291642889
-1789907776916857682
-5224502676239297751
1098563228522082000
4435075545609015106
-6006610025153179813
3530259417760961125
-3498087880694200905
-4445412886079534777
4734939851371011255
-5891863441944261247
-8661319661687891698
2982651373062053411
448789171438297527
-915742716817753945
-7509157671160117488
5394999914195817649
7653074826198771133
1935030172007930241
-7439577461494830150
-2849396848045770231
-6182570922184147081
-4596290796055607564
-3199186452475717074
161557169085841474
1147257754047570589
-5020577548236676111
-2742377577359306306
9079100087583666948
5110999137696122659
5801149689903270263
265577053611776161
933687125258042132
6717614279895098703
8013215739070007876
-7826285969262957057
-3476137842116511674
-9109504965468052228
-2252959901136315019
9153324935229046377
-1771736313769047988
6804869220701040163
-2658961918410161793
-5327517100924533303
4170147638868196441
-730374242204152168
-5354671983161190780
-455564875349652300
3888414480249101121
-2656891589926100543
3955848883531278526
-2017115854899616318
4564223874731066639
3911812847394032670
6372430076113754953
3420417153651212616
8696579272425350047
-5429207408758305423
-2107856979437456230
-5974376261684381528
-4637597368235695711
-8372686826831989352
-8309898985796813952
5396559431041330359
-8321820685909506068
-9179873470617205376
261878597032831794
5061267298137270031
-1763760403075326685
-3442271136871791311
6606194134342960245
3236784140009023792
-5824843616018465750
-8553596488919914823
4781454751647608693
-5633745488252329104
8130124974096969599
-489975442820821159
5179013220692775061
4230204576814990509
-3044331738928784970
8038004874337878216
8140048620148352693
-3443204000939236468
-4250287091179740720
889128150008518349
-4539125460499947541
-3205187720711042863
-2049183353176642398
5225202918033641935
-7089597578588155879
-42021213478012402
-7688142259851869822
4411597325026793727
1610781627233118260
6324611802310139736
-5348808909268764835
-1009220440953466070
929565818064709563
-4957378535924107798
4816150535424266951
2259304244015376417
5245359043739244878
-4948108786764597477
6206453404429941713
-3761751191381720472
7468347739540656614
-3187035599176404713
879773044123874651
1011686942158835690
-7340849596520777758
2594214036349131205
-2882679277163364147
5524260565318454036
-7952886377663714399
-1248470561089742527
3798998036491301265
-3558791490807233319
7917970120983075900
5008378575979154893
7252800111939906695
-8805550130159722243
-2586943862512834701
7712074717790956932
-9107724656829562177
2571721176334824173
5757479409694949388
-7020296423906568412
4116214201371918079
-5871816269049148156
7588129318507207014
1727902314245619599
-4150128196025779110
-3067926738333350524
-5854921929263848459
-20959591084568897
-97093466375604845
-8097713680161467671
6993367921217003451
-293473859759374440
3623864419123283756
4600347299590677462
8465122411713505004
8049474515362556878
419813302877191700
-3174023598007062784
6727747601275636228
7345185173965945162
-2202001351705687754
-8755262624863734004
343062046749734311
-5419283019460263016
-2197268363728347654
3955750051311138629
7902466092520189915
-4587030430267353442
2086309098160018763
1662674178744510996
977260366646599350
-7504637487276417665
-513691532479332341
7138057981228311687
2214108881801045211
5376085091605932259
4020526328040459879
9203911882758325265
-2190201693407229355
3421056029628538452
5225987811195747727
2153944287202138418
2673096617280502473
-8124673426295780682
-2882624600027672585
7470049227600054555
3453343019082689341
7383657944605874705
1823072922242075461
216291200187513417
-9161490943933260500
5058953540904471604
-5279973352561949512
-5480739034767142777
6194643452825551347
-2988578876077410968
8198686859295546395
-227803933632777027
3617150579718960452
-3206468334629279482
-5814959174290119934
-3052994209242644746
8900641075840427981
-1208050346050874457
1348097339525668746
4231707829299059171
1505272691554699349
-3074238874076677974
8649147878903017890
4544635672306839520
-3475067653451945501
605202128143489113
-3757803576562215457
-3325214359887188253
7600789132934059405
-8321290413943506677
304047274415755198
2732359985171520603
-5905243009092047518
-234153602094058540
8492101739599582566
-103460028451069402
-4288933821047931050
-9168088983011731909
-8101262624173362444
1182427159829968459
-1291466193868110605
-2196593374581541409
-7183725194827919464
6770745250464524594
3547815367417073615
8701560517371434760
6184281404068628853
2528872164377149878
5656646697667970330
-3793183186008300637
-1967202237009433105
-7205806437688745653
-2024070381804898685
-7154048109043767400
1622365637365559643
-2323358665920404345
5459001476234233685
-5075158534403534187
-8153934426929880506
-930443337358132090
-4132292720335606303
-24356929319779622
-9090828317962365713
6472922592326384188
-2763739128022799483
-4934221779766957658
3234944596014072071
8401700518136836264
6427797696572537419
8773844014765826861
-8316451659899135419
6460807438331423864
1809246835278224016
2299436116544449385
-7589241917751027478
9209101025459065391
2717312565469159229
7808456301163008521
-5243416171982828189
6849247652458858793
-1981890385975823041
-3764905935214582650
8016331715688887209
-5673943245938581271
-6708834742618329807
8681872630596186677
-7905467221631697340
-1054086379968634218
-5944094942895148464
-8622182273568763756
-2555336145611684677
-1065376563237224912
-2577736474252951150
-7251358128769423804
-5933334959985383113
8761357200824933613
-8428989584978057959
5093465059367054789
-2563440118359629349
-2789982571841833472
7049955356839571356
-3159287145042874411
-159627265694884752
-4269750895215775114
-7164075760406722167
5206126889122253211
1866809674869563854
6425326337467992095
-5484856354450143589
616643761451068025
5207870265903950427
-5082628664894196401
2509443854153438092
7765499077074197864
8399725701838653789
-1496005327284315361
-375132335887784856
-7034846461715154068
5890115242866470037
1899890102164151849
6602746880950517717
-3634243117656011676
-4179853536324905838
1692496694580270017
-1301504188263684414
7672186743710088037
1715077126415899908
6733757581235394958
-6699267160664255238
3332060700936010034
5064391912695077564
-8417205384610331282
-8650940851700112943
7663525931872855565
7442906518498343215
6029793090656704621
2575636493424913905
9179895967217010988
7943298837766246904
5808891443857037828
3351006563319838745
-8170041565617814376
-8000847976317566678
-8960659894556879027
8589365706451729425
3905558379343760728
3893481524099817124
1738490801878598677
2751134903494796854
-1003339488984151115
-3709307760068476023
4676507837251386526
-683698701828566036
4493138578105344031
-6013194544213633640
-5705511872570959330
-4015647218832318965
6954792974211609612
-4883996635330901689
643707150636692856
-1018218215607808993
-4278198987898425903
3724983638856569691
-4792919465983081976
-932033157071853555
1422270876349255494
-9004680393842005714
-680758541180853780
7533398810155393393
1251799138132160774
702839861743129917
-733400094137040882
3216342102056128499
-5524021701473981256
2103383059012864017
-462174593871624498
-8404960190029613461
-7949382620117605568
-6034646892214171275
-2904570968193444756
935799132043437781
-4811774930640129457
4460267951275542750
4468416445895652887
-8550675030169803689
-8947425980801951020
1481197595295252313
3475488876892840994
-4820152797507910037
2786970102800505663
-1053814437317805894
-3886560865752637042
-4484648154528361381
-8977339327914218908
-8837363065174435409
6201542011952309360
7606256882971988770
3518105159538263209
3812184844084335113
7973293150400035712
-3846058966487557683
-5170169850838327191
3028553178100358833
-667685908411464972
7019675296296791625
7358401625099551133
-6336763847883478517
-6696293117900497456
1784051424722295645
-6670200730360782945
-320556556411981796
-464747437654595019
-119201174824378499
-2124943044752295133
364509875217502489
-3698020340895646351
8285109520172101142
-1860559711097907254
9043481065165238321
2564668574770096184
8258355679225442624
-799026908020675275
-165672965167176854
6336086520213472108
-6639009535473495237
5538837893468446856
5489477863240889932
-2783158695988338436
-7168519421079143020
7296033524131435882
-1552345374443228133
6568715919154248233
6992363510851988427
-131135327232882224
-1020441082556019555
-3084738477535890421
-6251111697855715699
2273182717616545771
-8686145705751356177
7094079677543760565
5872498223361613057
5305184277393436378
-3071275146876027408
9017030340014758615
6466605298823904850
6710936160153016909
7478549893897829255
-5197825289472206180
5502596755719780978
-4199599647393633398
8958343443079500018
3016827570336951404
5380852869379240780
-4928130317780593505
2987017238576027246
-2631889089555115966
-5203833705092169771
5804339115432665760
7650941977241061816
7893372085933409612
7579139059459254104
-3122605668543933412
-4558299361669453907
-2639255503480096839
780998301732743775
-4514874368759236271
5951831342734915907
1596918937963639006
9141555696058895058
1618167283809415117
-1827082371322319049
5014068192984376646
-5124818496020185154
3691914001013905587
3140004587024014880
-2245735513022742177
-8751710544070137815
929687094860680857
-7601352335743360605
-1187777311430259656
7085668487433537251
-6667320992115423260
-2782038500771937475
5824322047056950340
2056860282902213327
-8065766025717106558
-5162760126650048630
-6134240890131600337
-8248237289652510662
-3255501373665058325
-8253106233080314738
-5433330692248547435
-4376482591854771844
-7228565097237738438
2821584178621911808
-2132638551152864237
8818979615964482434
2778688735252343297
-1379179030968929232
-4090838374359885475
-3293574102301010297
4333198305969329888
-6888668830698546384
-8994925446708501534
3445392208082180116
-6679794382975202365
1843205201500333742
9175530737875887345
-5751642198824963619
6853392945911660018
6537767988278879381
3649425757230937137
2046784311389831833
3738681569074185833
-300768196270245876
4399443664584270698
8739897875219361242
-4295308586366020164
3964609412559469024
-198830766986354395
1209668518543542229
-983227886719389607
2226605724987943950
3391700664680065257
6916567134864910028
-1272604241649764892
-5650864340778080854
-8082916013832513701
-6474543476150061852
2316017810840970864
-808821014969787209
8118831501737513262
5476980732782897023
-9076546857289704566
6714726075441547599
654053123513878433
2297358270935435329
5336038408424806773
7976301371736079014
4061662708581131937
-1799524632572925637
-4472982885664481209
7576023736792279652
6965717738992226618
4146215630081703758
-2910629533889303216
-3156539730278590006
-449443470550644719
-9060270191599477215
6289153762146319540
-912882521018359125
773309242722040896
331111359668170192
228686959984581572
8338946548157575290
2931317099576347354
-1284423704448248282
7469071237346636976
7594259281420199212
-6142279197485113564
4259230472589660458
-6923711327380646510
-6526597600229902152
4754628734989198804
2311371997584095811
6073594262442458016
-4419196816287698707
-3981741624028217229
8392661970127053415
-5215100057649609966
6622974162514397090
-2205872476002865674
9054189074847785389
-6943196119957965480
5245720235033204737
23204032309994614
-3895061972572016827
-6542046619305379618
-4944254521152104260
-7456941914580676174
8503373341750821949
-4723332885978401815
-3348339037529421306
-8640112154632298429
4269539508972055962
3305574921527406262
-1684922261392897091
-998848091805990389
-7967423500280252889
2907654156875835201
7900418180109480751
87635759561212524
-6232288130903879881
-1186073842686375993
-27801984300927976
5000232534542697103
-418820860728838878
8116534864778527092
-6942800467518607187
6594004575975941062
-1891143346947481894
3053362799553135139
-7828925303487593102
8879099334427536772
2195738885041279873
3104111106795495235
-6514932147543251954
4141677096656806386
7962031553274819025
7411087400038303811
-4461063734361273226
-6319832277563082669
1007373007497906297
581419115961793824
-8489381422689276065
3685686644008477972
-8827074168651492272
8287454772869258981
-2946942469486480563
-5759945894031520303
-9190516324522536607
-1899244506816201302
-223047281624537428
-1775930096031841868
413930659577355669
-1778563000391263779
-1248181220914643580
6364191487960959651
-1668998944402202281
-2308512901799378757
-8845660901268508249
1297841010322963749
-4507363411582513706
-1108518666197675506
8358461547121511204
-7655788275891916309
-2796160638624737670
5917691897280452439
8825965064298611757
-5554150146606192951
1991437719485484125
1468013309366638502
-830876397343223459
6497204179834874683
-55928576797623308
3069624851360451980
-3277459092570187518
-2229438062303148861
4428960349626753334
-5947754511838266349
-1908857569488908814
6943828198106418254
7489294156556805743
-820556501146759487
1955720436547623827
-6389809678729478460
-1094707171808814937
-1881350108024590357
-831620283307723015
1053861236193697862
1454855581753599341
-2174660727479319894
940676562473896130
-4382530209230818109
5384716970198279037
2268599813687720314
3931660995761973475
-5857406083995324335
-6821425377041246887
-3864753289469636338
4906366077562442579
-4198046394528134953
-3036167328084457500
2382594471013790143
-7348735489468502395
2577157367187258182
6881614354754719707
2833941598249233260
-6815073913113381520
-9136399811230314425
557295224180537411
-3064189667734632881
2103383273496020020
4366735624949774426
8916092717733200716
7905222355785760648
-9084699777668266050
-5015090680132997765
-8130929410255466973
22812024920268546
1905255279449212867
-7868308075124419739
-5272866213744404933
-2562011249523419036
-6196953933870549566
-2144605953189303929
7286567048185759534
-8178588747360528000
-7456846517794773516
3373369813293444134
137644327521526923
-4949995101382467649
-4844636214584141174
-2555513779880111438
4229551524507467439
-2059611988961889953
-3177842143855601763
315000995110026808
-8289235992563790646
-5243463889258377676
2839448731072723514
541631591144984166
-1885575299705412964
3785368987932631409
4434327119844576766
-2169315003367766982
-392050719906693853
-4633017288343022684
450190876435750065
5372777563247427123
-1461265013587028484
4099469348287135278
2096104851039108951
-7677663626526587633
-9031271711891934777
5181336236119419301
-5303197953870077982
5230808845447074676
2384015811044799301
5312642141664458521
-2310584379148025913
6776933349081401737
-1361583014407740371
-7273971751109834613
-5495459493571473001
1983684527755163861
-1448926790481807479
1915728117715879028
-147301192980490501
8120314333693487461
7594085757858802644
-2054100033155568809
-6452971965821272296
636344604613923198
-3822108190824253518
208657685680544827
-6515788156938244039
-6283894717237637201
1559493513515496243
9160624684607673096
4440407826856917100
-1611721484164664299
-7015062414011831864
-8254592653759559959
3952460573167939896
-6918206176359547618
-2211375284867517020
5381791841219671502
7424700044863530305
2126468137384300507
3487943301628206049
654915666203322782
-2854488559869408270
6308988009001033720
5980438733504539895
-8304734050874391027
64712811847699905
-1843533697720589456
-5077028717531643659
4634750230671580256
-2353668069265215062
-9042902128475844235
5300783542824848801
8996201097507240183
2917572359910496226
-2150521359938251416
-736698371579855768
-8628934374478632927
3187121139385147179
6511575042376109986
121302371994865656
4333181338033216024
-8766694524927481348
-2530573453792656476
-6677434249993410769
-7006187009871501636
-3506730560280063737
8547180583279643548
1112652549815126161
6620685661530296387
8160258120399242048
2317232894277107633
-5154120565221206608
2824584327818886044
8195631560802779783
4892167464794326203
-4178800623485829330
-1687471367741155798
8824349882291118576
-5523017371254937000
-128326146139617257
6074468065531973499
-6939432227844290342
-7711290127868206328
-943309573020293823
5499547005807538954
-2590681047377990704
-1351418538880604825
-6682719776913103424
9082233712475248045
-5131466794002053867
-3200518285305728472
2361693041650946289
-7763535095044964491
-7503590875561078832
8597519913371108949
-8278420661601674920
-1374236380647359764
-6624969406100869641
-646734888423325070
6068904589684293553
8469342196636669701
-3372180467730233553
-976629598972127647
3798552229289499525
6734763397596619351
-3172658300551502996
941752704605551226
-6462833056828416990
3644714266742304054
-1349161790217094173
1704189080122136704
649777794476231322
-4135906764224519128
-3390201114203854533
-4156643512307567439
-8740109422562027394
5965882234923213161
5706008862181206332
-877939560175488746
-4572019144530715139
-1556577483343881239
-5303849778756031959
-8516389965509757046
-3277360586643367250
8388291682204928027
-3703670151919280214
-1088205319215920099
-2815566258252110521
-6151324140433818931
-4192131580723698480
1869459510899919899
4511533056205513765
1191263356709649899
-5854888733811473883
1277855985885861705
3257972168932104510
3970007262544995151
6559273062240716819
3380303281972395205
3554910662320312004
-7636490302018730529
-6532425135579765417
-2807432544368602542
-6205320240567367450
8630249590548386668
6572002605174230218
-4977372508819232698
6578406698687733132
-6619810579690132257
261716674448763318
-8529457966554589319
3646654396180464943
2187266061395160920
-7799089837332271238
2566575272643680034
-6136856012952631827
-8736895534792037462
-2131366522806728628
7417107907231831306
-4673155786773593530
-9134511778982250215
-2880435562017744376
3103628596850981174
198464229833561718
-3899504423007496012
-6747089860099054164
-4301379580002099171
-3409422372688291918
-8470768727535423678
-954247098251717249
-1545622869102113825
-3605594487602347678
-667573705899975365
-4308045379399089199
29041684618749031
-6939494932693963359
4713821850745994334
1218593511243769943
-4074423012419283134
5031604152854790766
924758995210276937
2369186532643093889
3904523165827445087
2775196392911329224
-6804899410297171286
8753848428325929923
4223443977537306659
9136119097531083827
5004880857528244240
-5883180907605075592
8444179940854170929
-366952806330087913
-2351076199776907841
6478011918344931309
1211844755329635849
-3894277692582404578
603450729220164920
-5093697049809348844
-4866119804930216333
3620711375338844525
-4273905212203110766
-990573774461100196
5525616482001085585
-5243632817229410687
-2350856425437948119
4065571173122732896
3084713136370061479
-2974926819203711874
2148651383797594844
576177631149543012
6135242807998025394
859622957614073471
-8122706869649778048
1408911716017011201
8634305070191338700
5695545227345250962
-4191561429798719483
903517345786916474
-2411873820223479346
-1909109173961534540
-4308435972837498081
2747111819854481044
2991129186010677581
-7723245417290680399
1492586894637591900
6228973360677956048
878397556319437406
-4097367049358797818
619191801590552352
70688548653803035
-8807454339740369486
1672871273265980680
-5619829508101703886
-3989301824877234282
-7182997013714274669
5762843594113448578
-2065227003795986586
-300778510833231113
-1280119560385276468
6201693775606309912
6713155112394437608
-367297589284119555
9129623548025263047
1336245154211046898
-4438420140293364533
610185827645394684
1604323105657133477
-4882516157765282730
6229695101159026495
-3324894681765979262
-8103888288418682090
5528247549121387526
-1857551546543089267
8586323176150779161
-7619800315122158614
2129714693594734864
-8515989459992352999
-411053150783300921
5868141145789782436
-976193919539396597
8130515220333213929
-3836242064587637572
-544560847927082256
-2246676829802847163
-8771828082883785218
-5103681712817414193
-3347751336502371301
2424285489834155825
-5617222827776551746
-7213545660236781785
1274831124477585513
1672685237134251894
-2245331293214964592
5086878833846351327
3572608652601637862
-7602541970681699859
3728477352946714137
3235546713761957923
226666077430350267
-431030240758358657
-5460913140508840948
546456522500580318
-2230389887389180176
3160011630144057030
-8096184427257684812
6154591474257945114
2762971925004270197
-7211982922543798682
4232904487579570987
-8895112349457587946
-8895884762292629957
2091937479822079068
-7780348225658251784
4978339379659184149
-7900181743162578129
2164115283984361297
-4660758925678782248
-4717859770173485890
-1688477912627948338
6330503698430838948
-3583675601915566477
3299992518913418244
-3550978166819626921
-93974653581161636
3361211637965954000
-3439092400721529008
-2511384171790071197
7530821003721452977
2712054376879696345
8231043660870608234
6733686575061449021
5766119204357492931
7038863812224874128
2905853196138625281
-3818694431795797744
-8793793034871780908
6674019939919994918
-3983138626041470407
8122653977845142127
2049713045637681596
247901490426587278
-1033276326770801954
4851860531144913222
-5072218626367470781
3017548079418648849
-8006304372801415818
-8234214533755499194
-1346642027149999426
-3889021973832732245
-8374466251067536183
645209367610042762
745593812839605677
6155544688135232114
-2581228744220564717
-1189917397924053106
-6209967242567385110
-2970530856223226527
3786122883026376858
6659203253270954998
-69896271203431075
2168487904658993775
-5282372149366506261
-1170783456927669844
-3921087358127165079
-2538880498986936902
7030430719323364327
5574379699721829120
5463483629048614096
-3124954614514521437
-3818529131081233488
-856601402624397423
2006483818508882852
7078273612675729572
2269332727826888564
5145896422696371986
8920026363799635096
2837862539316706944
7295793333594402690
-8710320342679250323
-5430230156060850232
-4848997279642988692
-4409621284659662944
-4045463967895143721
-3574844387192101598
5940109796514979865
6569014499659469321
28854565151339503
-5703212620852884580
2656766906266197462
-9198859738766807886
9530116963453804
2308942988412956485
4101161862573276268
1475247669194324314
-5626534386703946623
-4342941417978833989
-1286409350381684736
4443545626961674398
-5802158948993657175
3506206402850841202
-622342527628263605
-580359898322729702
8342339301602828588
-7579532535518183435
-3742990416655205510
-1983264422076168716
-1552218986231411946
650212273659844573
2842345768679178109
-2405141565768781152
-7704990002947200761
6519703297695743676
6488670634376702968
3247815624614393833
7544701535125672990
8189690248964360199
-7293052344030655248
4343428944603695715
6846482964548604258
5181472418944864342
-4126420645559400492
7751649523957254948
6427931897640856459
-5459670604286276329
-7327400640456862174
-696423432721876046
5174896118517580372
6551836998194309623
-7775692739511523034
-1924770330373076139
-8957019723731425615
-1524902211372257979
-3027766906708154728
-7120288350445929872
6196558041615026750
9120529630989123428
-3502455203139003983
977023628621595736
6720532309990739218
2903195934577567808
1761536959699955082
8265864759622157224
134097046086231831
-6470671464559171686
4604314647797794141
4303373115175475521
-1130764047597006409
3883644952249456692
2695718098561822933
3681955737343088707
-4786984845672747870
-7937682168507344905
786807585803014502
7667749866020462800
-452280919364228653
1102378255867283231
-4086448685150385598
-1162658041582456391
7675109199703162148
-7233214207271021820
-8042953173519713700
1302115489127504590
-2160108515067339412
1538140497890629316
-1834005811280836723
-8373162677706411586
8986502329429185967
-3752727222653529147
-3477585888885483641
-4882883340228631692
7341567798221661349
-7328661334629159175
-1975196784350934792
7588402271599736705
-3157187913678285090
6647065427639395648
5096298424304344533
4706215779134040255
-642940715468268842
-6073768641665987989
-7435414186208413960
4218049483234474551
5623968737116945858
-267266458878009631
-1970888283646453202
9126099061687902223
-8226741925293728453
3418122386986405907
6060855208398374033
2671743429126533529
6640174473776885279
-6279834517777550257
2801859951031413312
-5556033597031270701
-6883923516092248369
6419845256515204572
-6216779657816051718
5718809255103393868
-2544196072590409072
8587695704577380433
6175448029243996552
3230236479256815557
-6114222966260105215
3525289504501940102
6449954849865491629
9181741815671280915
842462404289101577
6797286031107387000
-5958794825644647865
-8514457779147839542
-6332066693668675472
4831449939886439287
-4263083470585442648
-5275762560940053995
-8790369412827348176
558287581028893857
7167461443818969170
4955633065862133379
2258219040271466228
-4797834374005970713
3870593771683413034
-2494660602409879240
-6505126632026980374
5546524718945982711
7054920001878021835
7526940722266730749
-4863519639854644009
-3747357529272328718
4322554299660788855
-2126269542912917239
-2345276687032629925
6688173679394654903
2027717129500835150
-4061847889941145723
8919154382068441020
9147529329533504992
3981235803579509146
-2808730650679920424
1411834578814676510
-8048192057729906970
8896565374954373829
4995889088372611174
-7148529363086169335
4754224677301879284
-4484112754160575415
-2287207715415743266
2206750212288909059
-2218449198642962852
-167021222837565849
8783066033162036751
-4798565391436832047
-2443910761334872878
-8896964698524639438
-6028801419390356796
-1856257237008152619
1351534629418582104
-4162505333506658079
2487983756870083656
-4995112668045833025
-1852048460373099744
9069097532848368033
-2335231636373161713
-7288635700833827557
-1463293356621285998
-6790940451423767307
974635210325786644
-161277113807422135
67709230278752292
654487425194908201
-4547128963462437509
3683350416314675285
1663509157726110761
6899652507141697680
4157369224347818689
-4620415338813456224
5502350582270062550
2754621399719201851
2675138177658015720
8691340447965619188
-8710896054353925667
6982088796766293044
-104406862721479365
-5696519544995847795
3956099741273417459
754246920854014243
5865584484364044679
-1766807049441085751
-9098940876324854111
3454385507366939105
8102421415645661006
-3195749385493110168
2538404963883789872
2643320561684037383
-6080652087759008360
-1341805490131729065
5135982889324949777
6558624659417474749
6993413384292121389
-2571997185497548665
8198702054198739389
-6623569176965051255
-7010510001109696628
5982580595408622183
-2374318442577621952
6223255974104370535
1010615582256199733
-3730897260249914169
8441327282875894603
-4695173408403482501
-3461669590112951356
-732819997034684065
5222295703649976662
-7647449471566523193
-3817150335171054689
1912290371485570982
5388509682275175797
5106397320702238983
885685248999841343
-6836429614114808752
-6733097812318470937
2252843646120787569
-4080546408321507925
-4029599195529174940
-7214885738984561795
-6394461798097377430
-8770281045877800397
7440087216123346487
-7410194595676415408
-7242209785853239484
-9096921978329828900
-9065401811214154924
1544064845323764880
-2295925488395675069
2673653708162622010
-3167322617135363425
-6780736354752294565
7813744738346762479
-1081357884567055509
-7276737722781018514
-674546938182133729
2042217753101242623
-1586523702081270568
8106923689750396915
-3187194695213398989
-6753782435019295127
8594790400787430973
7534379250187787791
-8277303972914322529
8379183281282532349
144188738296319471
-4257927814272815605
-9200800113802636774
-1303411584122993089
-48445585890630553
4075074372220850784
-6710764934853941808
9176910832778412883
-89573689075702051
-1345433174215173277
-1546416147092878810
4232742890618917145
-4055375878054595407
-4877701777792048259
-2481844047051455800
-2568911370861853086
-2392223140583720116
423122745761277072
-8593765036490482883
3041475003465640559
-3550424700654733135
-1633757082337323808
-328045733273207745
-1032009018338202193
6736846533706683597
-12924295404776845
-710485515459795728
-1124650528228708410
8405863892437776742
-7029729822517371792
3183417671583732044
6797232836140636201
-636479685515128284
416555380212786592
-1776356458134940049
-276563163205240013
-5990461899783645641
-2883813328814673430
-1893945796206761519
-435838029666714279
-8356665350370750854
3152113048236668124
6951655871858510504
-567127877143146019
8598954169492681969
-3903788216045269601
-8774575440577848162
-6598960956661991463
-6215077165407550730
-1320054675294479443
-5071189874406216557
-2167422974062877532
-2239873904454800710
-9110595545464426363
-6822505804295504612
-7852700856914111087
233034843890002462
7497847403426877542
-55828048170661278
-937364611421297362
-8536962623445196103
3322408121929666278
-6369350452161478946
-4665308656136936856
7515756719329884756
-952993133185753508
-5206531138826057410
-8315654358869779701
-3688102795784409223
6260667401218768760
1719154981741152801
5925659635980335867
-5996754017250557536
-251679436933418024
-1127648685848333391
8006123422765591683
-5415414485960845183
-4693908383692135526
2307859162124497115
1968634880108464881
2268235163622433873
8575642010592672739
-5005605342698790035
-8521050196041487874
7964802470995263690
-5811028559939865609
-8718152725184271820
-483507948935572930
-7523054548756433276
3268380495014524636
-2277760875928713244
-150726936330125868
859108243533070415
5726622124321720329
4791931408668675535
-5770102772626139230
-3629898635684240881
-5933910642093258933
-5582780097718681390
48160287744145603
-1091153613718439654
6932036541857486891
-3782206095923272417
7151880446868652778
1796183054770068322
8522911306652319972
6705574411599716097
3563493509856103432
-5100518808146657531
7873611768166475952
415247911253142107
1672610173202694017
6813480595757059679
4315455051833044510
-4673452652618564869
-864762463766999315
-3267118887359384485
-1989900643783518050
4512258981230004386
-4363643802449406101
6187890670093113433
4412361560586630564
-6385771382351546961
-486657040632081918
2617293595699384829
251626880258134603
-1431401035332283608
-972653435474309562
-7369899745807849440
-7444684725794619047
-461175387930984562
3927583413664817209
-7088934664026844274
4183267051160903289
2303561549888217606
-3685531775134853048
-2349726294417662077
-2103286834965612637
7204990544373070591
3436660898105622336
3921671919654633784
-2923952636632795876
6085183667906952749
-8004376006829954683
864531221014641968
7671424319714609252
681516284832673404
2516181621619530498
-2539622850174790112
-7570766671484238390
4402075908068272524
-6005533817805320834
-473829931763347150
6195017448988089878
445710236749871713
5963198118399569511
-1929802779934106122
6549953478240894520
547544060344927360
8362085639352647572
5093038535315950527
1159785524582534669
1252184559090694568
4339890959361799012
8018062606969089027
-7048589152333223322
2977144816512823618
-8997026811688697456
-1949413443092612376
6138359765336609877
3898993117423163510
329502133195842759
-3099462629761977754
-4859049414256326811
7199884046238063400
4146254588970296614
1896628708704127387
-2527570756766677237
-8434966381540459739
-3929049035862017470
5934234543358807749
-4894167314531572099
3521248878008598867
6865558245012023074
-1614895713321546047
9183760673257068882
-8407013484982610283
6651222328184722726
7524499661613539797
-5749726761857039539
-6625150677402507476
3330647704540666504
-1088463713555355104
1514822702725363651
6790553070160755815
-6944614328853273629
-8119512785889245591
4628895140799278109
2579724901212469959
-6498000402268135064
6246691530529611027
6484516643368808772
1056313371705971436
-4852195498480938561
791701946262147002
1854173848287402405
-3051135755242351022
1679053390990127093
-8978065937604468555
-6507390251787677224
-2485430614812795935
3254859185478246032
710829326897072855
-7059338373344902379
-5760551872201747420
-4209110709196013202
-1643526465096020973
7412913108667233076
-3574750233442882643
-4211031809441477630
-1844963265330035706
-5276457783040579031
-7216415832368693103
-6657465492738930
2315995968114766668
7240730278571277794
-4209226620914650471
-8937637078372476021
900519751129993217
918049106904301055
1956270079951196406
2752647650740888722
-7281198066265493985
283212115237899812
775468486741469516
339347968445714040
226778135849416342
3525225859020112350
4203372429249181937
2528167532728840302
3612203806492241094
2856208866409326786
4103035726413125658
3408373382612016758
1935761299586345386
2050460156570011895
956385389156405429
2793546820579169956
-3779664418943765178
1148843507612508361
-7845191817055069428
4613624941406519590
3065512914718241921
4323293643895161510
-7650393114901883173
7845360723835978408
-6223579959335188082
6213314511185129180
-1181978906372879356
6669327660308634398
9082109805097673839
-5019986192060231943
2074617400169429364
4080877152691035187
3748203704767978670
-1117731288220459234
2143562075995405354
7900726251626870830
5728448219983749502
1702829930916603994
4959731593292860133
-3187504121753568630
6255999989779320323
5154930047777768872
2849245281510373896
3042703990332959990
7390678814128152653
-2232182424253406855
2743470309029959961
7501470890997029740
-4514399511987024111
3402924718389234473
-4910796740241560823
4801899539350176270
1793117730589746051
-5098814257912291927
-987122366206822354
8687447636349511350
-8895851811463753976
-9003822218486451999
7202812990535187141
-6579316756335048692
-1024771729017051301
7763744438759577301
-3488681348883151525
-1535084031267217463
1649704597057960383
-1088656120787171767
-8791531745429751115
-6773095134499897402
1836939170252836653
5279411646191074643
3038259022489656899
-4647150298005812631
-5054833278622239022
8441464394716157817
2050568219540493127
2047554042553725513
-6505831187174672446
-2997479309145682020
2360624074693963370
-995080302114612774
-4022028101039514612
3973777883219821420
8804433355791299004
-3290351311633011630
3108371418189802266
-2316171173626084339
7627605352224397569
3903268878505636819
1939259879482304614
-5010363095612633955
5071576429824586676
-5979343732535693450
-4624979606986942889
3129863298783250199
-875308311770123727
4752073774965797001
-696820123839758533
-2212853562332923828
8498325405659605983
2129212632424495859
-10425896530141795
-5058382808449776769
3767956601450950767
6374603066174378690
-824569188087665628
-6258520526626238454
-1030675884399946683
6026578816127866695
-4670475814838676354
-7094851948407044915
8291639624247369589
-6005054533950812024
6491312279780578621
32183762548706859
1546787021130934575
-8074445938835822047
5126245334640713923
-3181115550249198045
7358459001056443599
9137487709664693645
-6844658980619248994
-7863339952046894105
980908243933654957
-6293684262378094640
6045595126788893542
9179463967745189382
1890181963217927135
-5957658799449344190
-1516020547579565623
-1034151478130743299
-7346373249519235482
7806260017057919043
4966435583457686788
4733252226933632416
220727059138675643
-8395977217162317778
7064079734948520965
3934164561888523134
5399387183626199613
-9108041042019941412
7793655996940201904
-5929363696051822569
-1312877830632358579
2976100205732815945
-6484282864811446691
-6626394774117708351
1526325887791164680
-5673824051741918227
-174352684496366421
-8071333529266791001
7959468292273024304
5256755870529442749
2555647106976906330
-4180857211972447911
5463196185199803159
-277999742744207775
5216538886090152657
-8918226127534175966
-4546020024491145140
1317236380210318148
8448378134468154437
1062923083734829628
-5466454853929326728
5288150375916453384
1154808870807270002
2403503236360660273
-3552849480083906983
-2902727769175693975
2094487933985415979
-208006849925610491
4558940327824594112
5520381095887898512
5089281078099620702
6309212992387793414
2779055603803702266
-7118172443664694238
8122105485694845093
-7440015180338764369
1236188972289802365
-8336833807346574744
-2690279997645601447
6661621652824533025
-1175680902127240888
